75,3
34,8
39,4
0,214
0,339
57,14
57,11
57,9
34,4
58,3
0,304
0,303
0,12
0,11
0,418
0,8
0,10
0,421
58,5
61,5
60,5
57,18
78,3
78,2
78,1
78,0
29,1
29,0
27,3
27,2
27,1
27,0
26,3
26,2
26,1
26,0
22,6
22,5
22,4
34,10
22,3
34,3
22,2
22,1
22,0
67,3
20,3
20,2
20,1
54,10
20,0
54,3
19,2
19,1
19,0
15,2
15,4
15,1
15,3
15,0
13,3
13,2
13,1
13,0
57,3
12,2
12,1
12,0
64,3
11,3
11,2
11,1
11,0
10,4
10,3
10,2
10,1
10,0
42,68
9,3
42,3
9,2
9,1
9,0
7,3
7,2
7,1
7,0
5,6
37,3
5,2
5,1
5,0
38,3
4,3
4,2
4,1
4,0
3,6
3,5
3,4
3,3
5,5
3,2
3,1
19,4
3,0
19,3
2,6
2,5
2,4
5,4
2,3
5,3
2,2
2,1
12,4
2,0
12,3
1,2
1,1
1,0
1,3
0,442
0,441
0,440
0,419
0,410
0,324
0,243
0,9
0,1
0,0
0,391
0,300
0,390
0,299
0,389
0,298
0,388
0,297
0,387
0,296
0,386
0,295
0,433
0,294
0,407
0,293
0,406
0,292
0,385
0,291
0,384
0,290
0,428
0,289
0,405
0,288
0,404
0,287
0,383
0,286
0,382
0,285
0,403
0,284
0,402
0,283
0,401
0,282
0,381
0,281
0,380
0,280
0,379
0,279
0,378
0,278
0,377
0,277
0,376
0,276
0,420
0,275
0,400
0,274
0,399
0,273
0,375
0,272
0,374
0,271
0,373
0,270
0,372
0,269
0,434
29,2
29,3
31,1
31,2
33,0
33,1
33,3
34,1
34,2
34,5
34,6
37,0
37,2
38,0
38,2
39,0
39,2
39,3
42,0
42,2
44,0
44,2
44,3
46,1
46,3
46,4
48,1
48,2
48,4
50,0
50,2
50,4
51,0
51,2
51,3
52,0
52,2
52,3
53,1
53,2
53,5
54,0
54,2
54,5
54,6
54,8
54,9
57,1
57,4
57,5
57,7
57,8
57,10
57,12
57,13
57,15
57,17
58,1
58,2
58,4
59,1
59,2
60,0
60,1
60,3
61,0
61,1
61,3
61,4
63,1
63,2
64,0
64,2
65,0
65,2
65,3
66,0
66,2
66,3
67,1
67,2
68,1
68,2
68,4
69,1
69,2
70,0
70,1
70,3
71,1
71,2
72,0
72,1
72,3
73,1
73,2
74,0
74,1
74,3
75,0
75,2
75,4
76,0
76,2
76,3
76,5
77,1
77,2
77,3
77,0
76,4
76,1
75,1
74,2
73,3
73,0
72,2
71,3
71,0
70,2
69,3
69,0
68,3
68,0
67,0
66,1
65,4
65,1
64,1
63,3
63,0
61,2
60,4
60,2
59,3
59,0
58,0
57,6
57,2
57,0
54,7
54,4
54,1
53,3
53,0
52,1
51,4
51,1
50,3
50,1
48,3
48,0
46,2
46,0
44,1
42,1
39,1
38,1
37,1
34,0
33,2
31,3
31,0
0,268
0,417
0,267
0,427
0,266
0,371
0,265
0,370
0,264
0,431
0,263
0,416
0,262
0,415
0,261
0,369
0,260
0,368
0,259
0,367
0,258
0,366
0,257
0,365
0,256
0,438
0,439
0,255
0,437
0,254
0,436
0,253
0,364
0,252
0,363
0,251
0,426
0,429
0,250
0,425
0,249
0,435
0,248
0,362
0,247
0,361
0,246
0,360
0,245
0,359
0,244
0,358
0,242
0,357
0,241
0,356
0,240
0,355
0,239
0,354
0,238
0,353
0,237
0,398
0,236
0,397
0,235
0,414
0,234
0,352
0,233
0,351
0,232
0,396
0,231
0,395
0,230
0,394
0,229
0,350
0,228
0,349
0,227
0,348
0,226
0,347
0,225
0,346
0,224
0,345
0,223
0,344
0,222
0,343
0,221
0,342
0,220
0,341
0,219
0,340
0,218
0,413
0,217
0,430
0,216
0,424
0,215
0,338
0,213
0,337
0,212
0,393
0,211
0,336
0,210
0,423
0,209
0,335
0,208
0,334
0,207
0,333
0,206
0,332
0,205
0,331
0,204
0,412
0,203
0,330
0,202
0,392
0,201
0,329
0,200
0,328
0,199
0,327
0,198
0,326
0,197
0,325
0,196
0,323
0,195
0,322
0,194
0,321
0,193
0,320
0,192
0,411
0,63
0,319
0,62
0,422
0,61
0,318
0,60
0,317
0,59
0,409
0,58
0,316
0,57
0,432
0,56
0,315
0,55
0,314
0,54
0,53
0,313
0,52
0,408
0,51
0,312
0,50
0,311
0,49
0,310
0,48
0,309
0,47
0,308
0,46
0,307
0,45
0,301
0,6
0,5
0,306
0,305
0,302
0,4
0,2
0,3
0,7
